-4.826636455668165e-05
-4.82663623486701e-05
-4.8266283076969785e-05
-4.8266333569024766e-05
-4.826512636668667e-05
-4.8266051564382906e-05
-4.8265533163949215e-05
-4.826636525478989e-05
-4.826633683663317e-05
-4.826633448828943e-05
-4.826607946029071e-05
-4.826632641297124e-05
-4.8266314539802124e-05
-4.8266252751894e-05
-4.8266363098292686e-05
-4.826638820176754e-05
-4.8266385018536084e-05
-4.8266243087624616e-05
-4.826636431509712e-05
-4.826637725230398e-05
-4.826634368271243e-05
-4.8266270291197344e-05
-4.826635826660208e-05
-4.8266226919224664e-05
-4.8266284903064616e-05
