-0.00010284169673013821
-0.00010284169675855992
-0.00010284169674434906
-0.00010284169673724364
-0.00010284169675855992
-0.00010284169674434906
-0.00010284169674790178
-0.00010284169676566535
-0.00010284169675855992
-0.00010284169675855992
-0.00010284169673013821
-0.00010284169675145449
-0.00010284169674079635
-0.00010284169675855992
-0.00010284169675855992
-0.00010284169675145449
-0.00010284169675855992
-0.0001028416967550072
-0.00010284169674434906
-0.0001028416967550072
-0.00010284169675145449
-0.00010284169675145449
-0.00010284169674434906
-0.0001028416967550072
-0.00010284169674434906
