-7.637529833459666e-06
-1.1251089932606817e-05
-8.5397187845615e-06
-1.2678697682844131e-05
-7.774915680158756e-06
-1.1159322827580809e-05
-5.8105108138306605e-06
-1.4530492801423378e-05
-3.4102353154708e-06
-1.1857405269211085e-05
-3.807114109299903e-06
-1.0016680722202409e-05
-1.1238876155061917e-05
8.207920798142254e-06
-9.869183768884682e-06
2.9087262092275523e-06
6.095873690270537e-06
-6.245367707435889e-06
-1.6163058580431766e-07
-1.3655228826792154e-05
-1.0533273908208685e-05
-9.773182462424757e-06
-1.4024756936237281e-05
-1.2045040165276077e-06
9.672716267061787e-06
