9.135007809188556e+23
4.039479592410171e+26
1.772506155169802e+28
2.5241502228836667e+28
5.316639437001505e+24
1.2201153507006469e+20
3.1378184887934905e+30
1.0124037819557324e+31
2.1337419080362307e+27
3.4710658209012003e+30
8.959139752090785e+29
3.555214111165071e+26
4.3314553942836043e+24
2.995703843710849e+26
1.0948645593143469e+28
7.146127686809341e+24
4.167894756262811e+25
2.5180340241828753e+32
6.577005266470804e+31
3.178926789956844e+27
2.8486016408952793e+29
1.605379517736093e+25
7.763723553046846e+23
5.398469169661866e+27
1.183871367975102e+30
