-0.10246945564678955
-0.10246949909510827
-0.10246950504664343
-0.10246898535605631
-0.10246928421328927
-0.10246942632310174
-0.10246940277235395
-0.10246920141479399
-0.10246900201046405
-0.10246923309401579
-0.10246950019077394
-0.10246926545739965
-0.10246948518967314
-0.10246946872948226
-0.10246947024783515
-0.10246921430514855
-0.1024694979838221
-0.10246907754374146
-0.102469262431367
-0.10246945722158263
-0.102469234868523
-0.10246950638550245
-0.1024694656759646
-0.10246939842430225
-0.10246923368196936
