1.0591345121110457e-25
1.0477212971862114e-25
1.3072199269275414e-25
1.583401608959615e-26
8.122333747285131e-26
2.8614119887190853e-25
1.1569281194170973e-25
2.6405151580390975e-25
1.8718916165249157e-25
6.631519756695175e-26
3.059845512084839e-25
2.9485530155762586e-25
9.323566760329769e-26
3.393845768088955e-25
1.2977412701132452e-25
1.6268229783733082e-25
9.778014736685621e-26
1.7141829141316803e-25
3.5562465904945416e-25
1.1435648156826533e-25
1.279664645729622e-25
1.5549873321916198e-25
1.443402464110042e-25
8.067996022057376e-26
7.493646118488588e-26
