4.688881746028574e-16
8.28314586891868e-16
9.552624600273609e-15
2.4103613409935526e-16
3.112449042280148e-14
5.077882199196404e-16
2.980301936429515e-14
2.1437698303523326e-15
2.1210190010900063e-15
1.3710721103102689e-15
7.521488775685795e-15
2.253117885547194e-16
5.09565342981424e-16
2.254548070608104e-15
1.5233848505543503e-15
1.5702561610965138e-15
3.685831180873261e-15
1.257404241444297e-15
1.76775437139925e-15
1.5745171932709724e-14
2.9607330633751857e-15
1.1284637233891526e-16
7.21860991965259e-16
9.831232072485112e-16
1.3425207311479686e-15
