6.356493262851184e-29
3.155443620884047e-29
6.701619908885377e-29
9.225974805592615e-29
2.0756902568627873e-29
3.9689564293932156e-29
2.0756902568627873e-29
4.600045153570025e-29
1.495137934426699e-29
9.648754946984501e-29
6.177766964012049e-29
2.524354896707238e-29
2.524354896707238e-29
4.890937612370273e-29
7.415292509077511e-29
9.33074539456728e-30
9.860761315262648e-29
7.490480814106389e-29
1.2486189015451327e-29
2.195251987810347e-29
3.7865323450608567e-29
6.22830336575277e-29
2.195251987810347e-29
3.337867705216406e-29
4.7196068845175847e-29
