4.281542563087042e-28
5.541871118694049e-28
9.787791681529704e-28
4.060661509625158e-28
5.7459888779199855e-28
7.631366441398204e-28
3.72095828231436e-28
5.1118186658321565e-28
3.989170990089504e-28
1.1163491144525284e-27
5.738100268867775e-28
9.972680956190879e-28
6.427244225288194e-28
6.099990209137915e-28
8.295981754046906e-28
8.153986791107124e-28
1.0142286050813396e-27
1.4623015992468743e-27
4.297319781191462e-28
9.010886949403448e-28
9.809608615939723e-28
2.6852085656624597e-28
4.292512660050271e-28
7.1155253650935265e-28
1.0451544177563321e-27
