2.2539795763881377e-09
4.802743104178564e-06
1.6560688938228318e-06
7.119602886376978e-07
3.275470169226116e-08
4.782187644142609e-08
8.242055556139524e-07
0.0001643825650685863
2.6833403283029633e-09
7.090263771640826e-09
1.143804367010047e-06
6.275809640719248e-06
2.3803766465419506e-06
1.6289012993643578e-07
4.759243994904864e-08
1.4464174886030998e-09
1.3145186872267381e-05
7.1727206710447e-06
2.2223361635789204e-09
3.9866239294526933
3.2493648955608438e-09
4.38968981884513e-09
1.475293064791536e-08
2.1723151582768305e-07
1.6987532787091155e-08
