7.248817476590746e-06
1.7427674624796412
6.703035201037103e-06
2.0168996431780823
7.9024935045736315
1.0835994053820852
9.62982765624603e-05
1.8111158628389927
7.443017108233852e-06
9.074558521595444e-07
0.2003124975846285
3.741339403838674e-05
0.04619241290386591
3.4183322432732233e-06
8.337267265755937e-06
0.00035719589563375676
1.6609761629591453e-05
1.7041166664754848e-05
4.723408208379918e-05
0.0004695881440250709
1.1841235928484894e-05
0.3303899644019609
1.4080591921230856
5.672642344636154e-06
3.183600650996282e-05
