3.4146314863573184e-10
1.1526631197024581e-13
4.632939228297109e-16
2.872777970162154e-12
2.0165633317843194e-16
1.5019238253782268e-12
3.501058728552914e-13
8.16007949550303e-15
2.0761707813373897e-13
9.996815489053185e-13
9.714751293109904e-12
1.607365616221234e-16
1.0728453424412734e-15
4.8402525228818125e-12
1.417445157463133e-12
5.0162978255519876e-17
1.3303855854354242e-14
2.5854853067673154e-14
6.978953425700071e-16
1.9265484883594765e-16
8.824678054137291e-16
6.4204632295868445e-09
1.856799192526319e-13
4.380428696982754e-09
2.268562386244966e-15
