0.0018754148755395104
0.0009443446195858165
0.0019616539171730843
0.004297118218296619
0.001714403775201896
0.0018671741726698067
0.004396329292133041
0.0019467437766946115
0.0010949602284583847
0.003531782889477498
0.0031630404139472157
0.0018896192636149933
0.0029944245089018836
0.0020972623870632607
0.0058515804273915695
0.011683488829858864
0.006368613225241661
0.00668944945268106
0.0013987931458013117
0.006969587047688074
0.002557805617936727
0.0009318401395558281
0.0029721423084999193
0.0033608542963370546
0.0017619367607910204
