6.99469607260437e-27
9.019417040212107e-27
3.0117103438068587e-27
3.1354990201373295e-27
3.743194496489613e-27
4.386453399112727e-27
1.7424607823632306e-27
4.7327786830910915e-27
4.290711428764237e-27
2.3769197256221697e-27
2.04179406805164e-27
1.2678604742616185e-27
3.803449512485583e-27
2.397409130599289e-27
1.617878078621318e-27
3.794887635750086e-27
2.416023652453175e-27
5.344624945173782e-27
3.579076036570494e-27
2.1070588760675753e-27
4.066024401864417e-27
5.2421635578653475e-27
1.2885061284622242e-26
4.782986403138501e-27
2.2442522644877702e-27
