1.3073149238808538e-14
1.541985537478485e-13
8.832874971444188e-15
2.5687604776784822e-14
1.5822526560111105e-14
6.658475782390002e-15
1.8907581693797006e-13
1.274263940222625e-13
2.99869034047412e-14
1.0754339634222589e-14
2.83265307708498e-15
1.6039691136254614e-14
4.843341712720815e-15
1.4004209814717195e-14
1.8337735899987786e-14
1.2503840096967123e-13
1.2238898547968925e-13
4.0999440885959246e-14
6.75293306864993e-15
3.668326647322306e-14
5.3090221211428344e-14
1.6863491017143216e-14
3.3121464431591058e-15
5.372654588795381e-14
3.022523620817588e-14
