5.973255664368756e-16
2.216215364432262e-15
3.9190471939603237e-16
2.353693412625889e-15
7.329168140657582e-16
1.7883128477823932e-15
1.614084972438197e-14
5.690776412713018e-16
3.2827804003519517e-16
1.4077447060644148e-15
1.2344988590291169e-14
2.534200635092845e-15
3.0296986248535485e-15
1.9105658035314334e-15
4.027747251477834e-15
3.2277114461780725e-16
2.4599756913327606e-15
1.6163018546813076e-15
1.121203432907196e-14
1.2522535346970365e-14
5.2608816724491e-15
1.4056416623610984e-14
3.842477334526481e-15
2.3350780409956963e-15
6.609868724339756e-16
