7.273297546137729e-28
8.077935669463161e-28
3.1416385550426795e-27
6.141282147145577e-28
1.2590220047327348e-27
6.235945455772098e-28
5.038849032099213e-28
1.331597208013068e-27
8.835242138475332e-28
7.02480636099311e-28
6.488380945442822e-28
1.035379938102578e-27
5.557525077282028e-28
5.009266748153425e-28
8.034548319676005e-28
1.0464239907756722e-27
1.3091146722142691e-27
1.0795561487949547e-27
6.567267035964923e-28
7.561231776543398e-28
9.592548607487504e-28
2.4884617255196817e-27
1.274010361931934e-27
5.640355472330234e-28
1.2195789594716843e-27
