1.633003703565715e-27
2.9808958196522543e-27
1.7473762088711175e-27
1.7770201225751258e-27
1.2901943364406089e-27
1.492931589082409e-27
1.961058906572859e-27
4.54729008053337e-28
1.4217122404829244e-27
8.61781235147379e-28
6.929650014300826e-28
8.536584330139315e-28
1.5170781283531583e-27
1.2916118208796779e-27
1.200954446537482e-27
6.831042401148199e-28
1.5680582643530662e-27
1.4665540525640813e-27
1.1699916560075572e-27
1.148384262775488e-27
9.373393187255791e-28
9.363902204489851e-28
7.644185431108045e-28
1.1027905676440423e-27
1.3158323158602918e-27
