0.00010949805795679168
0.00023097931158755358
0.00025559207869607636
0.00022481990556233455
0.00019605873535288865
0.00014404117654787107
0.00011241208103562883
0.00022396296139604033
4.668892016645998e-05
0.0005329708936940847
0.00017036107411350088
0.0002512751658620971
0.0002259895336660378
0.00014184447701648395
0.00012457145383049095
0.00014789977566120882
0.0003070238852553864
0.00019317141036800933
0.00020324172770225246
9.622827452249183e-05
0.00020989965363682472
0.0002063278088950682
0.0002517987188896953
2.560998241563084e-05
0.00012523590488466851
