-0.00028398091711601126
-0.00028398091711601126
-0.0002839809171142349
-0.0002839809171142349
-0.0002839809171177876
-0.00028398091711956397
-0.0002839809171142349
-0.00028398091711601126
-0.00028398091710890583
-0.0002839809170902541
-0.0002839809171177876
-0.0002839809171106822
-0.0002839809171177876
-0.0002839809171177876
-0.0002839809170858132
-0.00028398091711601126
-0.0002839809171142349
-0.0002839809171177876
-0.00028398091711956397
-0.0002839809171177876
-0.0002839809171177876
-0.0002839809171133467
-0.0002839809171053531
-0.00028398091710712947
-0.00028398091710801765
