-0.0001345341063512251
-0.00013453445721545165
-0.00013453449400024908
-0.00013453193854751078
-0.0001345339761966713
-0.00013453381823325117
-0.00013453410959129997
-0.0001345342509848635
-0.00013453357982129432
-0.00013453416065978274
-0.0001345332061095661
-0.00013452147030634798
-0.0001345315362271532
-0.00013453364327231654
-0.00013453417804676349
-0.00013453365615401225
-0.00013453303760346813
-0.00013453331131341173
-0.00013452958810233895
-0.00013452699997718032
-0.0001345344659844372
-0.00013453351589021167
-0.00013453089383252959
-0.00013453411735886434
-0.00013453381216432803
