0.0016727832581411306
5.795052086154939e-05
0.0004446501640784639
3.0532551182460566e-05
0.00045292564734644714
0.0053096264986258745
0.001879055801000895
0.007026810410097006
0.0019305702851448725
0.0012461325635024778
0.0027321318627633318
0.00012619512718980985
0.0030480346331422936
0.000785537098603406
0.0008604980197244316
0.0012945886778363835
0.013092752406673291
0.008581742601443842
0.003768292062060752
0.002513321566176674
0.0019717464518178573
0.0018663147184874163
0.0017237647423922198
0.002876653706783472
0.0007732575078698289
