0.0023053356595323926
0.10610323920122866
0.013225137030399736
0.002730212061919257
0.012299788162071668
0.09561759781240298
0.005189010088064272
0.0014380456695590738
0.00262672414545595
0.004747087123163851
0.0031680181010740327
0.0032508800382196057
0.05966715300795933
0.0043331127194568
0.004807913321315027
0.0064520474822922225
0.0025737945117500494
0.0043235166567381356
0.04169019798569007
0.03117973794799145
0.00796985302096731
0.005663516601712715
0.006354392729836844
0.0074839291536452635
0.0022603590195586776
