-4.826639317201398e-05
-4.826639289490231e-05
-4.826639305122171e-05
-4.826638719457321e-05
-4.8266392859375173e-05
-4.826639273147748e-05
-4.826639123223231e-05
-4.8266392852269746e-05
-4.826639307964342e-05
-4.826636252275307e-05
-4.8266393207541114e-05
-4.826639267463406e-05
-4.826639321464654e-05
-4.8266393200435687e-05
-4.826639301924729e-05
-4.826639236199526e-05
-4.826639297306201e-05
-4.826639236554797e-05
-4.826639018062906e-05
-4.826639317201398e-05
-4.8266383977590976e-05
-4.826639039023917e-05
-4.8266365975990766e-05
-4.826639312938141e-05
-4.826639323596282e-05
