-1.7003902211598643e-05
-1.4967253679998294e-05
-1.672484030912358e-05
-1.6380724279230208e-05
-1.639181832047143e-05
-1.4510847112347847e-05
-1.6336001820604906e-05
-1.5546872556448932e-05
-1.6945121277256447e-05
-1.6055663746072923e-05
-1.6790925080556462e-05
-1.623146877349768e-05
-1.605596523290842e-05
-1.7014010394333923e-05
-1.6621726853571772e-05
-1.6558237839525702e-05
-1.6895399895133778e-05
-1.4935244074365528e-05
-1.1572053328023912e-05
-1.5740060938185252e-05
-1.6568053883503353e-05
-1.6941753145260918e-05
-1.4491852780906811e-05
-1.6658205723274477e-05
-1.5837760908965492e-05
