-0.00010284169676566535
-0.00010284169676211263
-0.00010284169674434906
-0.00010284169676566535
-0.00010284169676211263
-0.00010284169675855992
-0.00010284169675855992
-0.00010284169675145449
-0.00010284169675855992
-0.00010284169676566535
-0.00010284169676566535
-0.00010284169676566535
-0.00010284169676566535
-0.00010284169676566535
-0.00010284169676211263
-0.00010284169676211263
-0.00010284169676921806
-0.00010284169675855992
-0.00010284169674790178
-0.00010284169676566535
-0.00010284169675855992
-0.00010284169676921806
-0.00010284169676566535
-0.00010284169675855992
-0.00010284169676211263
