-0.0005096471914356471
-0.0005096471914356471
-0.0005096471914356471
-0.0005096471914356471
-0.0005096471914356471
-0.0005096471914356471
-0.0005096471914356471
-0.0005096471914320944
-0.0005096471914356471
-0.0005096471914356471
-0.0005096471914356471
-0.0005096471914356471
-0.0005096471914356471
-0.0005096471914356471
-0.0005096471914356471
-0.0005096471914356471
-0.0005096471914356471
-0.0005096471914356471
-0.0005096471914356471
-0.0005096471914356471
-0.0005096471914356471
-0.0005096471914356471
-0.0005096471914320944
-0.0005096471914356471
-0.0005096471914356471
