2.762791898270228e+80
4.411575446741746e+82
1.7473759792516402e+86
3.083796699435117e+79
1.5086208406191663e+86
1.659859909257263e+83
9.868425761960038e+81
1.0028661920436669e+87
1.744847487135636e+88
1.5389919377575065e+82
2.4173204896528678e+82
7.447156642189999e+85
4.366589122043274e+84
6.73999767679744e+82
5.210731487617602e+84
5.866500663429933e+80
4.6793413055243773e+80
9.712052816213996e+87
6473705912319610.0
8.378912727706103e+84
2.9601976205105593e+83
5.817434884764527e+85
6.156876418781536e+83
7.892744698097191e+84
2.269082462312326e+82
