-0.10246950728446258
-0.1024694941525105
-0.10246950739466854
-0.10246950763748008
-0.10246950765140705
-0.10246950747351435
-0.10246950654851983
-0.10246950677992417
-0.10246950624626205
-0.10246950174504399
-0.10246950700954371
-0.10246950755152595
-0.10246950761473972
-0.1024695069121686
-0.10246950720260573
-0.10246950745825156
-0.1024695073460068
-0.10246950415973277
-0.10246938339538725
-0.10246950544815969
-0.1024695074858003
-0.10246950483795625
-0.10246950756653206
-0.10246950692803303
-0.10246950615938932
