-1.6621648228350365e+40
-2.1003750728719255e+41
-1.3218834968527447e+43
-5.553194305474207e+39
-1.7370209213588455e+43
-4.074137834262929e+41
-9.933995048297557e+40
-3.166806265062116e+43
-1.3209267531304058e+44
-1.2405611382586134e+41
-1.5547734528389876e+41
-1.22042260239558e+43
-2.0896385146822102e+42
-2.5961505497173e+41
-2.2827026717506602e+42
-2.422086014870226e+40
-2.1631785191066357e+40
-9.854974792567455e+43
-2160727012.594733
-2.89463516314338e+42
-7.694410465410016e+41
-7.627211079263853e+42
-7.846576590323665e+41
-2.8094029077541e+42
-1.5063473909800242e+41
