0.056621435623065826
0.4989827230937073
0.040369848888112056
0.010772699087533213
0.3369816224849753
0.055042743664768835
0.0026648440883553573
0.04996398287054205
0.027647701511594364
0.06387191834861229
0.2518916690589204
0.16555974251133973
0.08784019191757968
0.05412434736240721
0.12166527786026364
0.017778346903794155
0.056552271136881396
0.004596802798540457
0.02415948288679623
0.005688145627816411
0.017430371417395264
0.04867799171746692
0.04031565121783265
0.020877951589504017
0.010813746188030071
