4.781734611184397e-26
1.1865023914943165e-25
9.122170571226845e-26
1.4791471075802868e-25
8.117787936318795e-26
1.832537194856186e-25
1.1382635471400517e-25
7.225610904417119e-26
9.226915275703058e-26
3.053248662764928e-25
7.870044689919939e-25
5.01281107554868e-25
9.573530896695855e-26
5.372284512998997e-26
2.521548524036914e-25
5.894273773983741e-26
5.475530258495774e-25
4.076235349527451e-26
5.1460289748417465e-25
1.5847643661733842e-25
1.240180062011531e-25
8.155066544471145e-26
9.522067583391499e-26
2.056090391374989e-25
4.553000817189588e-25
