2.521889706378422e-28
2.1989497733035704e-28
1.8301573001127474e-28
2.984975709646444e-28
1.9762198270950754e-28
3.139666402779627e-28
1.8302805596291882e-28
1.7039395552773855e-28
1.2790640021060062e-28
2.577603007809656e-28
3.1332569079247063e-28
2.3164160924716367e-28
1.606441277772726e-28
3.4030719894135805e-28
1.932709217791479e-28
1.5867197551422008e-28
3.0382238207488625e-28
1.0886280492049963e-28
1.3504312621252196e-28
1.772471846418461e-28
4.051910083957863e-28
2.495881948409417e-28
5.087290022060441e-28
1.4805933114866865e-28
3.5183196372857127e-28
