5.318193231325492e-13
9.126375793900429e-14
7.518080412217486e-13
1.7812418107934179e-16
1.0686640921529184e-12
6.174443133776047e-15
80.59663468823204
1.1396174842993969e-15
2.026774072486031e-15
4.249524795981361e-14
9.412946586289555e-12
1.8556139142366188e-14
0.03232994838054937
3.508702332553925e-18
1.9668657816879252e-14
6.108986555607689e-08
9.968607786379094e-15
2.3622559635842932e-18
2.3823866099382313e-15
2.4097929946764242e-14
4.729983895091303e-13
2.969557425008703e-13
6.463882831295325e-13
5.581984895863094e-14
1.9468902145966122e-13
