4.06815870841847e-15
4.608683167552202e-12
1.8342503030913164e-15
3.183198663252818e-14
1.849946875667719e-17
1.8013034535872853e-14
2.7573650307312966e-18
1.064658878138102e-16
2.501305582891223e-17
4.43249714733723e-17
4.032689404719427e-14
6.835226101965587e-16
1.113896083400519e-17
5.645397324169809e-16
1.9418377100371577e-15
1.0815308106724662e-20
1.10885695955781e-12
9.820242659928379e-19
4.12907684824612e-17
2.6140915092069657e-21
6.270145368782858e-12
4.399273890370741e-17
2.131001976296403e-17
1.5709268171990755e-17
8.516752088770126e-18
