1.7950945889697534
0.00015358802254936713
6.347014648610226e-07
3.6594251609392497e-06
8.094975707890695e-06
1.4232000240132574e-06
1.7824329586835238e-06
7.5110685523261215e-06
7.803028087685828e-06
1.4366498187046846e-06
3.392044578556801e-06
7.550746372778842e-07
9.245665188559219e-05
0.8093271223784582
3.0563534747798897e-05
5.293310605158468e-06
2.6108993551642437
0.36625775515626774
1.6833558959522434e-06
0.12890555836627454
2.984037528766431
1.991029454810034
3.298076860591827
0.9102633653680292
4.867884392614286e-06
