7.292885531839956e-07
1.7384566303393262e-06
1.3858820752831062e-06
1.412460094604487e-06
6.313764196808368e-07
1.5510439947870746e-06
3.6275362879362865e-06
1.806079907163594e-06
1.345754041333567e-06
4.254398492820175e-06
3.466566403891824e-07
1.9545233309133334e-06
2.004084397520894e-06
5.851584789486759e-06
1.8960181960159844e-06
8.003910603296676e-07
5.879128349432368e-06
1.9147243406220926e-06
1.434529238684154e-06
7.688544294135252e-06
4.819358336521027e-07
2.1541512645442855e-06
1.8636532041094995e-06
6.713554814839042e-06
6.285473485806259e-07
