7.559431751540173e-28
1.408007225482588e-27
8.93797331838728e-28
9.37525029431731e-28
6.882894808305536e-28
7.401503741896853e-28
3.293069807301672e-28
5.298593697894622e-28
5.260156471726662e-28
8.434186598403393e-28
1.0413156907081463e-27
6.412858477434277e-28
9.448457292404958e-28
1.222429732686099e-27
1.0227969412411245e-27
5.749112732303714e-28
6.061623569696194e-28
7.180555722246256e-28
7.094019641128695e-28
1.5470224327979771e-27
5.861937036109669e-28
1.265357633409914e-27
2.5140772604888126e-28
1.0616485695231916e-27
8.229284238497196e-28
