3.286472799517858e-22
1.0649116603066571e-22
3.097551953216075e-22
5.747924197119641e-22
3.031734384369959e-22
9.57575356788633e-23
5.319229657215999e-23
2.26462450713355e-22
7.00239801784271e-22
1.8505122586156627e-22
8.668971184837452e-23
3.471853010849787e-21
7.262492399811162e-22
4.591764907458861e-22
4.907072290018937e-22
2.229224009316411e-22
4.4402344542731764e-21
1.3661491171925973e-21
3.476193674359442e-22
4.94085306464903e-21
1.4013238835244722e-23
4.748251026464415e-22
9.94985908799176e-22
1.3057735918921508e-23
9.95829439655112e-22
