7.243310970978015e-26
1.0774326338457128e-25
1.710043366531533e-25
6.402143657360193e-26
1.9997994958497136e-25
1.265067267716573e-25
2.984353495607451e-25
1.9594871012192062e-25
5.62481491249738e-26
6.515961494841612e-26
1.8506696558007567e-25
2.564201863403665e-25
8.28109200446086e-26
2.878257620312014e-25
1.8026089214477488e-25
1.2537885289241756e-25
8.666826498186468e-26
5.923362896604249e-25
1.1587958708697244e-25
1.138150394903959e-25
5.700397647978869e-26
3.229141471840123e-25
1.2616814520594612e-25
5.005603475324805e-26
8.192711233387325e-26
