4.563560336703553e-28
4.752886953956596e-28
4.346623587767775e-28
2.9227296538438487e-28
3.00161574436595e-28
3.944304526105059e-28
4.69372238606502e-28
2.5204105921811327e-28
4.764719867534911e-28
3.0450030941531056e-28
2.733403036590806e-28
3.944304526105059e-28
3.0292258760486853e-28
3.1199448801491017e-28
1.940597826843689e-28
4.149408361462522e-28
8.125267323776422e-28
2.3389725839803e-28
2.950339785526584e-28
4.32690206513725e-28
3.2974385838238293e-28
4.090243793570946e-28
2.859620781426168e-28
4.2401273655629385e-28
3.1751651435145725e-28
