1.4989825071877094e-12
4.0812229553445974e-14
1.290386284132745e-12
2.8338147109654154e-14
1.474214910812754e-12
2.2453294224827497e-13
1.5301111733710353e-12
1.4197171390533822e-11
1.967253047599356e-12
1.1954455030102071e-12
2.8267994363467357e-13
3.3370555507858605e-12
5.260569598141439e-13
6.953572340286974e-12
1.6055637087631424e-13
4.4369578439452367e-13
1.0300437190066979e-12
8.861229540239221e-13
2.5055586617559332e-11
1.97261494291085e-13
8.939687062038444e-13
5.953888589599592e-11
8.833805291622447e-14
1.2089234833369398e-12
1.367806244712635e-13
