2.4701207094732932e-29
1.103049412628568e-28
2.1862540431101697e-28
0.0
2.106505135972983e-29
1.6488425514283555e-28
1.486016730210081e-28
1.199068575935938e-28
2.1102029214662066e-28
1.0398172806944462e-28
0.0
8.709517431705733e-29
1.2350603547366466e-28
4.9402414189465864e-29
2.1742978700154138e-29
8.406299021261407e-29
7.632229258013289e-29
0.0
3.986623854300933
3.2392600920637797e-28
1.4100888680825586e-29
1.8435925874047927e-28
7.346267179870672e-29
7.863957148921961e-29
2.106505135972983e-29
