-1.71373463802027e-05
7.373539630428638e-06
-2.160834673325951e-05
1.5779352626421606e-05
5.503201537276903e-05
-8.147818046921884e-07
-3.0100034715596635e-05
-2.6012573531630778e-05
1.148261826244834e-05
-2.3396216358051447e-05
7.75438302902387e-06
-2.8070709422567397e-05
-3.714695987167005e-05
9.764433962766716e-05
-1.604229165153015e-05
2.792660409589587e-06
-3.005036575243203e-05
-1.052044044769218e-06
0.00010475000492249364
-1.838039892643195e-05
-3.020819307186784e-05
-8.935004371823929e-06
-3.99442995515642e-05
-4.15708178369556e-05
-4.829517791640758e-06
