-0.00028398091711956397
-0.0002839809171177876
-0.0002839809171177876
-0.00028398091711956397
-0.00028398091711956397
-0.0002839809171177876
-0.0002839809171177876
-0.00028398091711245854
-0.0002839809171177876
-0.0002839809171213403
-0.00028398091711601126
-0.0002839809171177876
-0.0002839809171177876
-0.0002839809171177876
-0.00028398091711956397
-0.00028398091711956397
-0.00028398091711956397
-0.0002839809171177876
-0.0002839809171177876
-0.00028398091711956397
-0.00028398091711601126
-0.00028398091711956397
-0.0002839809171177876
-0.0002839809171177876
-0.00028398091711245854
