-0.00013453455650136448
-0.00013453455647027823
-0.00013453452924983011
-0.00013453455281897675
-0.0001345345516607921
-0.00013453455805745307
-0.00013453447381728267
-0.0001345345536147846
-0.00013453455334921927
-0.00013453455399492498
-0.00013453442801436566
-0.00013453455343226395
-0.0001345345578993573
-0.00013453455135303827
-0.00013453455718259733
-0.00013453454695033784
-0.00013453454503542517
-0.00013453455455714192
-0.00013453454922718322
-0.00013453455787981738
-0.0001345345321892566
-0.00013453453778389246
-0.00013453454068113047
-0.00013453455727230335
-0.0001345344906780177
