0.23400112657157646
0.027232626736216403
0.00956611759189574
0.27239987366635887
0.027895514169165914
0.005595817387895163
0.08668540090362775
0.04377384698018272
0.047294029268853954
0.06008548342726172
0.037630000817949316
0.045625014003630865
0.004711349349411087
0.02136786211179606
0.03205405102660652
0.591473895362542
0.015502317767387197
0.006243250728307004
0.014141039836625513
0.983058838419363
0.05033676908938034
0.010174988259170625
0.00763391291082538
0.00499504546656615
0.06516613984265973
