0.0005843441391304438
0.002572143478666966
0.0009810478824983093
0.0014662257272366475
4.996277916724523e-05
0.0029859651783255003
0.0013461246227937096
0.0010414260751894222
0.002339340024530401
6.043267163136079e-05
6.002570195384749e-05
0.00020121209580992172
0.00048607227294983346
0.0015515562945438433
0.0010399057427470382
0.014448101834012128
3.632914347972971e-05
3.5414225171059854e-05
0.00012935897956367626
2.8798453081790854e-05
0.001204619944404517
2.50175581228973e-05
0.00028372961358158477
0.0014407004057881423
0.0025949541397567444
