0.003894198765459933
0.03153955390815333
0.015381500130324355
0.0027399673912062994
0.0017011431021431989
0.0007241600656193725
0.0007518597133988059
0.0033782618958690946
0.0019253867531023872
0.002302527229444351
0.0005880642920805812
0.010858602363335024
0.000857886221030224
0.02034485947142528
0.0030561210578312625
0.0265278743145263
0.002286492151041486
0.00071944353060438
0.001813901428958431
0.09613630519495464
0.0026317427188742304
0.005830613890125846
0.001576584799001246
0.008960662181480394
0.0030258271001155634
